"wc2.0_bio_10m_01.tif" "wc2.0_bio_10m_02.tif" "wc2.0_bio_10m_03.tif" "wc2.0_bio_10m_04.tif" "wc2.0_bio_10m_05.tif" "wc2.0_bio_10m_06.tif" "wc2.0_bio_10m_07.tif" "wc2.0_bio_10m_08.tif" "wc2.0_bio_10m_09.tif" "wc2.0_bio_10m_10.tif" "wc2.0_bio_10m_11.tif" "wc2.0_bio_10m_12.tif" "wc2.0_bio_10m_13.tif" "wc2.0_bio_10m_14.tif" "wc2.0_bio_10m_15.tif" "wc2.0_bio_10m_16.tif" "wc2.0_bio_10m_17.tif" "wc2.0_bio_10m_18.tif" "wc2.0_bio_10m_19.tif"
"1" NA NA NA NA NA NA NA NA NA NA NA NA NA NA NA NA NA NA NA
"10" NA NA NA NA NA NA NA NA NA NA NA NA NA NA NA NA NA NA NA
"100" NA NA NA NA NA NA NA NA NA NA NA NA NA NA NA NA NA NA NA
"101" NA NA NA NA NA NA NA NA NA NA NA NA NA NA NA NA NA NA NA
"102" NA NA NA NA NA NA NA NA NA NA NA NA NA NA NA NA NA NA NA
"103" NA NA NA NA NA NA NA NA NA NA NA NA NA NA NA NA NA NA NA
"104" NA NA NA NA NA NA NA NA NA NA NA NA NA NA NA NA NA NA NA
"105" NA NA NA NA NA NA NA NA NA NA NA NA NA NA NA NA NA NA NA
"106" NA NA NA NA NA NA NA NA NA NA NA NA NA NA NA NA NA NA NA
"107" NA NA NA NA NA NA NA NA NA NA NA NA NA NA NA NA NA NA NA
"108" NA NA NA NA NA NA NA NA NA NA NA NA NA NA NA NA NA NA NA
"109" 10.6867425463473 6.74318189981083 23.2014391782313 832.852191927959 24.75 -4.313636302948 29.063636302948 20.9810606638591 1.12878794347246 20.9810606638591 0.528030375639598 421 50 25 22.2481856833992 135 84 135 95
"11" 10.4576638266444 7.64773759742578 25.3715755529189 840.951697748107 24.880054473877 -5.26288080215454 30.1429352760315 18.9003229141235 0.766389598449071 20.7989379564921 0.196768224239349 441 52 26 22.98621284071 143 87 143 99
"110" 9.70467712978522 8.44102091590563 26.386229825386 869.165155785068 24.6695003509521 -7.32074975967407 31.9902501106262 18.5629167556763 -0.197583238283793 20.3983332316081 -0.954083283742269 488 57 26 23.3885752996085 158 99 155 115
"111" 9.72257302204768 8.30289586385091 25.7875929447823 878.866655403425 24.7597503662109 -7.4375 32.1972503662109 18.7578752835592 -0.24999996026357 20.4685835838318 -1.09429168701172 494 58 26 23.5603988649907 160 100 155 117
"112" 9.23051033914089 8.51752067605654 25.1712806536385 904.31828100517 24.7582492828369 -9.07999992370605 33.838249206543 18.3870832125346 -1.06499999761581 20.200833161672 -2.03179162740707 507 65 26 27.4130527600049 176 102 170 115
"113" 9.02095822989941 8.45075004299482 25.1138570251129 901.944696804381 24.4382495880127 -9.21150016784668 33.6497497558594 18.143666267395 3.01904165744781 19.8734582265218 -2.24354173739751 499 66 26 28.699330857815 177 101 171 113
"114" NA NA NA NA NA NA NA NA NA NA NA NA NA NA NA NA NA NA NA
"115" NA NA NA NA NA NA NA NA NA NA NA NA NA NA NA NA NA NA NA
"116" NA NA NA NA NA NA NA NA NA NA NA NA NA NA NA NA NA NA NA
"117" NA NA NA NA NA NA NA NA NA NA NA NA NA NA NA NA NA NA NA
"118" NA NA NA NA NA NA NA NA NA NA NA NA NA NA NA NA NA NA NA
"119" NA NA NA NA NA NA NA NA NA NA NA NA NA NA NA NA NA NA NA
"12" NA NA NA NA NA NA NA NA NA NA NA NA NA NA NA NA NA NA NA
"120" NA NA NA NA NA NA NA NA NA NA NA NA NA NA NA NA NA NA NA
"121" NA NA NA NA NA NA NA NA NA NA NA NA NA NA NA NA NA NA NA
"122" NA NA NA NA NA NA NA NA NA NA NA NA NA NA NA NA NA NA NA
"123" NA NA NA NA NA NA NA NA NA NA NA NA NA NA NA NA NA NA NA
"124" NA NA NA NA NA NA NA NA NA NA NA NA NA NA NA NA NA NA NA
"125" NA NA NA NA NA NA NA NA NA NA NA NA NA NA NA NA NA NA NA
"126" 10.1900938500961 7.25524299343427 23.9371097739079 863.125212334375 24.6360931396484 -5.67351007461548 30.3096032142639 18.856677532196 0.374337772528331 20.8839956919352 -0.295419375101725 450 50 28 19.5786587388158 138 92 137 104
"127" 9.99866035580635 7.54200424750646 24.2957122682016 876.430753250127 24.6979751586914 -6.34455680847168 31.0425319671631 18.8481435775757 0.0818987290064494 20.8172575632731 -0.69341770807902 462 53 27 20.7785704819823 145 94 142 107
"128" 9.65466666221619 8.12474991877874 24.918914820095 904.676612878955 24.6317501068115 -7.97300004959106 32.6047501564026 18.7922083536784 3.52479155858358 20.6990418434143 -1.55904167890549 470 57 26 22.7146771046749 154 97 150 109
"129" 9.49108327925205 8.59245825807253 25.4508407322823 918.086580086874 24.9479999542236 -8.8129997253418 33.7609996795654 18.8092082341512 3.33495823542277 20.6558332443237 -1.89533332983653 480 60 27 24.3458576165158 161 97 158 110
"13" NA NA NA NA NA NA NA NA NA NA NA NA NA NA NA NA NA NA NA
"130" NA NA NA NA NA NA NA NA NA NA NA NA NA NA NA NA NA NA NA
"131" NA NA NA NA NA NA NA NA NA NA NA NA NA NA NA NA NA NA NA
"132" NA NA NA NA NA NA NA NA NA NA NA NA NA NA NA NA NA NA NA
"133" NA NA NA NA NA NA NA NA NA NA NA NA NA NA NA NA NA NA NA
"134" NA NA NA NA NA NA NA NA NA NA NA NA NA NA NA NA NA NA NA
"135" NA NA NA NA NA NA NA NA NA NA NA NA NA NA NA NA NA NA NA
"136" NA NA NA NA NA NA NA NA NA NA NA NA NA NA NA NA NA NA NA
"137" NA NA NA NA NA NA NA NA NA NA NA NA NA NA NA NA NA NA NA
"138" NA NA NA NA NA NA NA NA NA NA NA NA NA NA NA NA NA NA NA
"139" NA NA NA NA NA NA NA NA NA NA NA NA NA NA NA NA NA NA NA
"14" NA NA NA NA NA NA NA NA NA NA NA NA NA NA NA NA NA NA NA
"140" NA NA NA NA NA NA NA NA NA NA NA NA NA NA NA NA NA NA NA
"141" NA NA NA NA NA NA NA NA NA NA NA NA NA NA NA NA NA NA NA
"142" NA NA NA NA NA NA NA NA NA NA NA NA NA NA NA NA NA NA NA
"143" 9.9180104136467 7.89872932434082 24.4351688061308 906.852252210284 25.0594997406006 -7.26574993133545 32.325249671936 19.0671668052673 3.70566670099894 21.0784583091736 -1.21400006612142 441 52 25 21.4649794341899 142 91 140 104
"144" 9.73122914632162 8.65125008424123 26.0062831053103 916.816506844861 25.1049995422363 -8.16100025177002 33.2659997940063 18.9680832227071 3.57287494341532 20.951208114624 -1.61245842774709 444 54 23 23.6176630204487 146 91 145 104
"145" NA NA NA NA NA NA NA NA NA NA NA NA NA NA NA NA NA NA NA
"146" NA NA NA NA NA NA NA NA NA NA NA NA NA NA NA NA NA NA NA
"147" NA NA NA NA NA NA NA NA NA NA NA NA NA NA NA NA NA NA NA
"148" NA NA NA NA NA NA NA NA NA NA NA NA NA NA NA NA NA NA NA
"149" NA NA NA NA NA NA NA NA NA NA NA NA NA NA NA NA NA NA NA
"15" NA NA NA NA NA NA NA NA NA NA NA NA NA NA NA NA NA NA NA
"150" NA NA NA NA NA NA NA NA NA NA NA NA NA NA NA NA NA NA NA
"151" NA NA NA NA NA NA NA NA NA NA NA NA NA NA NA NA NA NA NA
"152" NA NA NA NA NA NA NA NA NA NA NA NA NA NA NA NA NA NA NA
"153" NA NA NA NA NA NA NA NA NA NA NA NA NA NA NA NA NA NA NA
"154" NA NA NA NA NA NA NA NA NA NA NA NA NA NA NA NA NA NA NA
"155" NA NA NA NA NA NA NA NA NA NA NA NA NA NA NA NA NA NA NA
"156" NA NA NA NA NA NA NA NA NA NA NA NA NA NA NA NA NA NA NA
"157" 10.580072482427 6.43985517819722 22.2130577151062 846.056285831775 24.6260871887207 -4.3652172088623 28.991304397583 21.1485506693522 4.21014495193958 21.1485506693522 0.457246387998263 334 38 21 16.390111998564 99 68 99 82
"158" 10.3623015508056 7.24126994113127 23.4417556011886 882.67057496767 25.1571426391602 -5.73333358764648 30.8904762268066 19.2420635223389 4.08809521794319 21.3063491185506 -0.346031804879506 351 40 22 17.9480913303641 106 71 106 87
"159" 10.0329062541326 8.17843731244405 24.8490310251179 920.659128635097 25.4689998626709 -7.44350004196167 32.9124999046326 19.384833017985 3.86425006389618 21.324333190918 -1.30425000190735 421 49 23 22.1538355487148 135 85 134 102
"16" 9.84203117092451 8.7226043343544 25.928685017079 929.230303506072 25.5752506256104 -8.06550025939941 33.6407508850098 19.3299166361491 -0.528291742006938 21.2091665267944 -1.61675008138021 438 53 24 23.2891356298133 144 89 143 101
"160" NA NA NA NA NA NA NA NA NA NA NA NA NA NA NA NA NA NA NA
"161" NA NA NA NA NA NA NA NA NA NA NA NA NA NA NA NA NA NA NA
"162" NA NA NA NA NA NA NA NA NA NA NA NA NA NA NA NA NA NA NA
"163" NA NA NA NA NA NA NA NA NA NA NA NA NA NA NA NA NA NA NA
"164" NA NA NA NA NA NA NA NA NA NA NA NA NA NA NA NA NA NA NA
"165" NA NA NA NA NA NA NA NA NA NA NA NA NA NA NA NA NA NA NA
"166" NA NA NA NA NA NA NA NA NA NA NA NA NA NA NA NA NA NA NA
"167" NA NA NA NA NA NA NA NA NA NA NA NA NA NA NA NA NA NA NA
"168" NA NA NA NA NA NA NA NA NA NA NA NA NA NA NA NA NA NA NA
"169" NA NA NA NA NA NA NA NA NA NA NA NA NA NA NA NA NA NA NA
"17" NA NA NA NA NA NA NA NA NA NA NA NA NA NA NA NA NA NA NA
"170" NA NA NA NA NA NA NA NA NA NA NA NA NA NA NA NA NA NA NA
"171" NA NA NA NA NA NA NA NA NA NA NA NA NA NA NA NA NA NA NA
"172" 10.3157312522332 8.23901382088661 25.7702558156392 890.004164315428 25.8522453308105 -6.11877536773682 31.9710206985474 21.4108842213949 4.16251689195633 21.4108842213949 -0.462312897046407 379 40 23 17.2849848606546 111 77 111 94
"173" 10.2927082777023 8.34190893173218 25.713642179034 904.136338241497 25.8235454559326 -6.61802339553833 32.4415688514709 19.5087208747864 4.14515501260757 21.4430715243022 -0.724951505661011 381 42 23 19.0964567057208 115 76 115 93
"174" 10.0090728724996 8.09922923147678 24.7125504697385 919.947372616689 25.4392490386963 -7.33449983596802 32.7737488746643 19.4270831743876 -0.256291667620341 21.2915833791097 -1.29162506262461 418 48 25 21.2810625344925 134 83 132 93
"175" 9.99748895317316 8.16975872218609 24.7363295411292 929.776188562989 25.5094738006592 -7.51789474487305 33.0273685455322 19.5021926561991 -0.353464881579081 21.3932015101115 -1.4043421347936 429 50 26 22.2617329097382 140 84 137 92
"176" NA NA NA NA NA NA NA NA NA NA NA NA NA NA NA NA NA NA NA
"177" NA NA NA NA NA NA NA NA NA NA NA NA NA NA NA NA NA NA NA
"178" NA NA NA NA NA NA NA NA NA NA NA NA NA NA NA NA NA NA NA
"179" NA NA NA NA NA NA NA NA NA NA NA NA NA NA NA NA NA NA NA
"18" NA NA NA NA NA NA NA NA NA NA NA NA NA NA NA NA NA NA NA
"180" NA NA NA NA NA NA NA NA NA NA NA NA NA NA NA NA NA NA NA
"181" NA NA NA NA NA NA NA NA NA NA NA NA NA NA NA NA NA NA NA
"182" NA NA NA NA NA NA NA NA NA NA NA NA NA NA NA NA NA NA NA
"183" NA NA NA NA NA NA NA NA NA NA NA NA NA NA NA NA NA NA NA
"184" 11.1683821994811 7.97303924585382 27.1029141118467 802.427682794019 25.8411750793457 -3.57647061347961 29.4176456928253 7.32156861573458 9.67549006144206 21.3578429222107 1.77549017220736 410 45 27 15.847974285006 113 82 111 109
"185" 10.9003962613642 7.88985166201989 26.9599984102321 801.978668237335 25.5153369903564 -3.7496931552887 29.2650301456451 7.05480572084586 9.37438651919365 21.0540901819865 1.52919225394726 418 46 27 15.6439060357967 117 83 111 112
"186" NA NA NA NA NA NA NA NA NA NA NA NA NA NA NA NA NA NA NA
"187" NA NA NA NA NA NA NA NA NA NA NA NA NA NA NA NA NA NA NA
"188" 10.2393021533887 8.77864596247673 26.8947434753916 893.499838202539 25.8229999542236 -6.81774997711182 32.6407499313354 19.4246668815613 0.282958408196767 21.2460837364197 -0.63379168510437 412 43 25 16.2954771084905 120 84 118 98
"189" 10.1081771403551 8.84427087505659 26.6924331339892 907.056414459391 25.714750289917 -7.41925001144409 33.1340003013611 19.4078334172567 0.00675006707509359 21.2683750788371 -0.971166610717773 419 45 25 17.5872796595583 127 83 124 95
"19" 9.78979181249936 8.98816667000453 26.7415417021964 917.856789033123 25.4710006713867 -8.14025020599365 33.6112508773804 19.2404170036316 -0.43262501557668 21.0879173278809 -1.43145831425985 432 48 26 19.3183527138607 136 84 132 93
"190" 9.54117703872422 9.19289552296201 26.9889118120985 923.502127478725 25.3339996337891 -8.72774982452393 34.061749458313 19.0025417009989 -0.780249993006388 20.884250164032 -1.77162496248881 432 50 25 21.7135637300105 141 82 137 91
"191" NA NA NA NA NA NA NA NA NA NA NA NA NA NA NA NA NA NA NA
"192" NA NA NA NA NA NA NA NA NA NA NA NA NA NA NA NA NA NA NA
"193" NA NA NA NA NA NA NA NA NA NA NA NA NA NA NA NA NA NA NA
"194" NA NA NA NA NA NA NA NA NA NA NA NA NA NA NA NA NA NA NA
"195" NA NA NA NA NA NA NA NA NA NA NA NA NA NA NA NA NA NA NA
"196" NA NA NA NA NA NA NA NA NA NA NA NA NA NA NA NA NA NA NA
"197" NA NA NA NA NA NA NA NA NA NA NA NA NA NA NA NA NA NA NA
"198" NA NA NA NA NA NA NA NA NA NA NA NA NA NA NA NA NA NA NA
"199" NA NA NA NA NA NA NA NA NA NA NA NA NA NA NA NA NA NA NA
"2" 11.2235137453924 8.1406921086212 27.1721879987214 802.006102823253 26.087718963623 -3.87192988395691 29.95964884758 3.70097471525272 9.72982474168142 21.4284601211548 1.7640351181229 415 46 29 14.89284599118 114 87 113 113
"20" 11.0890098412832 8.72006090482076 28.6022166834393 808.634620092225 26.2103939056396 -4.27696657180786 30.4873604774475 21.4093170166016 9.70655405521393 21.4093170166016 1.59035567442576 420 46 29 14.9822191658498 115 88 115 112
"200" 10.9528198639552 8.66978096961975 28.300854348304 816.937620413829 26.2525253295898 -4.38181829452515 30.634343624115 20.2594277064006 9.61565653483073 21.3114479382833 1.33316485087077 389 42 27 14.1204878307151 106 82 105 103
"201" NA NA NA NA NA NA NA NA NA NA NA NA NA NA NA NA NA NA NA
"202" 10.3125102818012 8.6729790965716 26.6097405973815 890.643809125826 25.994499206543 -6.59875011444092 32.5932493209839 19.3591245015462 0.42983333269755 21.4007496833801 -0.476250012715658 411 42 26 15.306965568618 119 84 118 96
"203" 10.0918541948001 9.19108335177104 27.3123487717807 908.030171510476 25.9307498931885 -7.72100019454956 33.651750087738 19.3945835431417 -0.0291666984558105 21.3226251602173 -0.968125104904175 417 44 26 15.6935972264173 124 84 122 95
"204" 9.71332297598322 9.69931249072154 27.8473813716811 923.058171590035 25.9409999847412 -8.88924980163574 34.830249786377 19.1700832049052 -0.618041714032491 21.1046252250671 -1.53958328564962 422 47 25 17.4009252092901 131 84 127 94
"205" 9.41948961963256 9.83231250941753 27.976617682387 925.35653424079 25.804500579834 -9.34025001525879 35.1447505950928 18.9856665929159 -0.938375075658162 20.790416876475 -1.87525010108948 431 50 25 19.4121380510697 138 86 134 97
"206" NA NA NA NA NA NA NA NA NA NA NA NA NA NA NA NA NA NA NA
"207" NA NA NA NA NA NA NA NA NA NA NA NA NA NA NA NA NA NA NA
"208" NA NA NA NA NA NA NA NA NA NA NA NA NA NA NA NA NA NA NA
"209" NA NA NA NA NA NA NA NA NA NA NA NA NA NA NA NA NA NA NA
"21" NA NA NA NA NA NA NA NA NA NA NA NA NA NA NA NA NA NA NA
"210" NA NA NA NA NA NA NA NA NA NA NA NA NA NA NA NA NA NA NA
"211" 10.7345930015047 6.54748064776262 24.5566225123686 750.890455248802 24.1813945770264 -2.48139524459839 26.6627898216248 3.87674435973167 8.86666665474574 20.1627904574076 1.99418610334396 535 70 35 22.105887876694 175 109 128 137
"212" 11.590220650658 7.38548127685984 25.3703737862216 784.638063924605 26.0560131072998 -3.05463910102844 29.1106522083282 4.02857960512241 10.0173540810744 21.4534940719604 2.27829322467248 450 55 29 19.1350716820219 140 90 114 132
"213" 11.6088235645245 7.59183004125953 25.3066508018764 800.80968148515 26.522876739502 -3.47647047042847 29.9993472099304 3.86655770490567 10.1274508635203 21.6565361022949 1.99901957064867 437 52 28 17.9630609757855 132 88 115 125
"214" 11.5589479555686 8.81014594435692 29.2715322953795 786.548631818159 26.6102504730225 -3.48775005340576 30.0980005264282 4.28541679183642 10.0662500361602 21.5964166323344 2.35579175750415 440 50 29 15.6996057212799 125 92 119 123
"215" 11.2085207576553 9.58029169340928 31.1812780881318 781.549420232437 26.4729995727539 -4.25150012969971 30.7244997024536 3.92687506477038 9.84620825449626 21.1233747800191 2.03000008066495 450 50 31 14.4192534977776 125 97 122 122
"216" 10.8774166852236 9.06008316079775 28.3568462025378 838.2366513729 26.4417495727539 -5.50850009918213 31.950249671936 19.4023750623067 4.75949996709824 21.447208404541 0.827374895413717 407 42 29 12.7179566852726 113 89 111 104
"217" 10.7715544650952 7.68157061934471 24.1478506966141 883.035448020798 26.1644229888916 -5.64615392684937 31.810576915741 19.5232370694478 4.49583335717519 21.8666666348775 0.134455025196075 385 39 27 12.9182111500013 108 83 105 97
"218" 10.2871458232403 9.03412526845932 27.1633574620567 898.661856992567 26.2497501373291 -7.00874996185303 33.2585000991821 19.4058332443237 0.265499989191691 21.508749961853 -0.584583322207133 401 43 26 15.1464172719346 120 82 117 92
"219" 9.96545848995447 9.64662504692872 28.1694402409735 909.051621972438 26.0370006561279 -8.20800018310547 34.2450008392334 19.2985003789266 -0.18666660785675 21.2537086804708 -1.06370830535889 408 45 26 16.1624407128354 125 82 121 91
"22" 9.62122912953297 9.77350016931693 27.7827921582538 933.886900901284 25.9300003051758 -9.24825000762939 35.1782503128052 19.2093750635783 -0.898541649182638 21.1896664301554 -1.75587503115336 416 47 26 17.2143527164653 130 84 125 93
"220" 9.58847918609778 9.42879163225492 26.992425794161 926.736576067601 25.9307498931885 -9.0004997253418 34.9312496185303 19.1688335736593 -0.905624945958455 21.0488333702087 -1.72054159641266 417 49 25 18.8634515067239 133 86 128 97
"221" NA NA NA NA NA NA NA NA NA NA NA NA NA NA NA NA NA NA NA
"222" NA NA NA NA NA NA NA NA NA NA NA NA NA NA NA NA NA NA NA
"223" NA NA NA NA NA NA NA NA NA NA NA NA NA NA NA NA NA NA NA
"224" NA NA NA NA NA NA NA NA NA NA NA NA NA NA NA NA NA NA NA
"225" NA NA NA NA NA NA NA NA NA NA NA NA NA NA NA NA NA NA NA
"226" NA NA NA NA NA NA NA NA NA NA NA NA NA NA NA NA NA NA NA
"227" 8.99395717928807 6.53986379007498 25.3098726451651 725.79585894321 21.83567237854 -4.00350856781006 25.8391809463501 2.36023389299711 17.4954191843669 18.1015596389771 0.550487359364828 737 106 46 27.3726978147393 252 148 160 198
"228" 9.82053110996882 8.42797911167145 29.2877150628598 761.955583575108 23.8697490692139 -4.90675020217896 28.7764992713928 2.55250000953674 8.51045823097229 19.3706661860148 0.853166659673055 586 70 40 17.2374323555483 176 128 153 170
"229" 11.0138646252453 8.84235431998968 29.8584435632882 775.931855377657 25.992000579834 -3.62225008010864 29.6142506599426 3.75674997270107 4.95583336551984 20.8340417544047 2.05112495521704 544 60 37 15.2149807964372 155 117 150 147
"23" 11.7825834229589 10.2017916291952 33.3310196591283 732.326649582543 26.8937492370605 -3.71375012397766 30.6074993610382 5.45108325282733 10.0994168122609 21.1318333943685 3.21508328119914 521 64 33 19.5910841764077 164 108 132 127
"230" 12.031083283325 10.4425834467014 33.807077276074 744.957279869131 27.2057495117188 -3.68300008773804 30.8887495994568 5.46574997901917 10.3590832451979 21.4637915293376 3.36437502503395 522 70 32 24.3259665442334 175 105 124 132
"231" 10.7186874945958 10.1307915846507 30.0231658273643 850.783412858332 26.4634990692139 -7.27974987030029 33.7432489395142 19.3168748219808 4.65304168065389 21.2461252212524 0.338541666666667 424 47 28 15.628187059712 124 92 116 112
"232" 10.544270892938 8.93312497933706 26.9870692044259 876.258761683165 25.8940010070801 -7.20749998092651 33.1015009880066 19.3958334922791 4.3499166170756 21.401208559672 -0.147500038146973 398 44 28 14.8629562502952 119 87 110 99
"233" 10.0488750189543 9.77150018016497 28.4135768761053 897.940344284308 26.1137504577637 -8.27649974822998 34.3902502059937 19.3019582430522 -0.137624939282735 21.2314999898275 -0.820333321889242 392 46 27 16.9135510990884 122 83 116 90
"234" 9.79630209381382 10.5844374224544 29.4685422020745 914.317072201999 26.6730003356934 -9.24475002288818 35.9177503585815 19.2724169095357 -0.531333367029826 21.1865835189819 -1.24245830376943 402 47 27 18.1014434736185 127 82 121 89
"235" 9.38270835205913 10.3892083143195 28.6296757850173 924.744502702672 26.3190002441406 -9.9692497253418 36.2882499694824 19.0277915000916 -1.21604164441427 20.7974581718445 -1.89879163106283 407 48 26 19.0936211682555 131 84 123 93
"236" 9.26629168353975 10.0907499281069 27.6925506819067 931.121354366218 26.3107490539551 -10.1277503967285 36.4384994506836 19.0213332176208 -1.40829157829285 20.733874797821 -2.09533333778381 418 50 26 20.1181426259222 136 87 129 97
"237" NA NA NA NA NA NA NA NA NA NA NA NA NA NA NA NA NA NA NA
"238" NA NA NA NA NA NA NA NA NA NA NA NA NA NA NA NA NA NA NA
"239" NA NA NA NA NA NA NA NA NA NA NA NA NA NA NA NA NA NA NA
"24" NA NA NA NA NA NA NA NA NA NA NA NA NA NA NA NA NA NA NA
"240" NA NA NA NA NA NA NA NA NA NA NA NA NA NA NA NA NA NA NA
"241" NA NA NA NA NA NA NA NA NA NA NA NA NA NA NA NA NA NA NA
"242" NA NA NA NA NA NA NA NA NA NA NA NA NA NA NA NA NA NA NA
"243" 11.2379309486908 7.80057474939774 26.9781956587987 776.795953659561 25.9304599761963 -2.98390793800354 28.9143679141998 3.92595789457361 9.41954009172817 21.1153254508972 2.27356324220697 565 68 37 17.3426776628047 170 124 144 165
"244" 8.59806242585182 7.67874985933304 27.236612694099 759.569465005494 22.1542491912842 -6.03849983215332 28.1927490234375 1.56387503941854 13.962958017985 18.126707871755 -0.368083298206329 657 80 46 17.6929970033429 198 144 164 194
"245" 11.1657916593055 10.4719167773922 32.0313125615337 793.814343787797 26.8759994506836 -5.81675004959106 32.6927495002747 3.74770829578241 5.04783342281977 21.189458211263 1.79995844761531 482 52 33 15.9402220224963 137 105 131 115
"246" 11.0003332470854 11.0741249372562 33.1208601788812 801.039079288667 26.8072490692139 -6.62825012207031 33.4354991912842 18.7204998334249 16.9072083632151 21.102125008901 1.55041658878326 443 50 29 16.5453386121949 128 96 122 105
"247" 10.5666145086288 9.58452073733012 28.3274468488699 869.963348380841 26.0947494506836 -7.74000024795532 33.8347496986389 19.124583085378 16.7052499453227 21.4899581273397 0.0392499764760335 396 47 25 18.3890362182347 121 84 109 101
"248" 10.4601353953282 7.93556242187818 24.1028507546554 907.474256173814 25.8190002441406 -7.10475015640259 32.9237504005432 19.4568335215251 16.7132498423258 21.77241675059 -0.556791722774506 379 45 24 17.5797062907183 115 82 105 94
"249" 9.98769795894623 9.3337291876475 27.5148618754812 903.50234535014 25.8225002288818 -8.10000038146973 33.9225006103516 19.2714586257935 -0.288625081380208 21.3031668663025 -0.920250018437703 397 46 27 15.6486163437753 121 88 115 93
"25" 9.82009380559126 10.0571873684724 28.6325619031243 913.85386563435 26.3297500610352 -8.79524993896484 35.125 19.2804166475932 -0.571958303451538 21.2875420252482 -1.20958332220713 400 47 27 16.6778740771014 124 87 118 93
"250" 9.20385408898195 10.2578332324823 28.3824221413805 917.232421782906 26.1277503967285 -10.0137500762939 36.1415004730225 18.8301666577657 14.9507914384206 20.4869583447774 -2.07120835781097 409 49 26 19.4637363546763 132 87 124 97
"251" 9.08304161950946 10.2840831850966 28.1231773637013 925.474561186725 26.1399993896484 -10.42799949646 36.5679988861084 18.8304165204366 14.8629166285197 20.4149998029073 -2.30558335781097 418 50 26 20.8100850338716 136 86 128 102
"252" NA NA NA NA NA NA NA NA NA NA NA NA NA NA NA NA NA NA NA
"253" NA NA NA NA NA NA NA NA NA NA NA NA NA NA NA NA NA NA NA
"254" NA NA NA NA NA NA NA NA NA NA NA NA NA NA NA NA NA NA NA
"255" NA NA NA NA NA NA NA NA NA NA NA NA NA NA NA NA NA NA NA
"26" NA NA NA NA NA NA NA NA NA NA NA NA NA NA NA NA NA NA NA
"27" NA NA NA NA NA NA NA NA NA NA NA NA NA NA NA NA NA NA NA
"28" NA NA NA NA NA NA NA NA NA NA NA NA NA NA NA NA NA NA NA
"29" 11.9089285582304 7.41738079984983 26.1333120584237 768.057541726688 26.3628578186035 -2.01999998092651 28.38285779953 4.83142856756846 10.0185713569323 21.7561906178792 3.0476190050443 500 58 33 16.6429755862236 144 110 133 121
"3" 10.6896883541097 7.57995122795304 26.2096815888386 786.730360002467 24.9453582763672 -3.97506642341614 28.9204246997833 3.27661370982726 4.65870900948842 20.6222368876139 1.53943415234486 533 60 37 14.3759394779587 150 121 140 146
"30" 11.2566770911217 10.1112707853317 30.619800567939 826.756192534798 26.9497509002686 -6.07224988937378 33.0220007896423 21.6626669565837 5.14237483342489 21.6626669565837 1.52312501271566 438 46 30 13.8096730847284 124 97 124 111
"31" 11.4502709334095 7.13333343962828 23.5266309458772 839.911446113869 26.0202503204346 -4.30000019073486 30.3202505111694 22.1199587186178 5.19170828660329 22.1199587186178 1.62245822946231 412 45 27 13.8825316007823 115 94 115 102
"32" 10.9511574159066 6.32268531123797 20.1537695416558 905.604539822621 25.75 -5.62222194671631 31.3722219467163 19.8046294848124 17.4240741729736 22.1611111958822 -0.0157406429449717 373 42 24 15.0633065113316 107 83 104 93
"33" NA NA NA NA NA NA NA NA NA NA NA NA NA NA NA NA NA NA NA
"34" 10.0292904227972 8.23580868045489 25.1235820911943 908.341089448743 25.5108909606934 -7.27029705047607 32.7811880111694 19.3052805264791 3.47541260719299 21.3447194099426 -0.943729360898336 396 45 26 14.8389699738092 117 88 117 96
"35" 9.90771215160688 8.82197934389114 26.3160919889293 915.303382957298 25.5835475921631 -7.93958854675293 33.523136138916 19.2416024208069 3.31636683146159 21.3532134691874 -1.16820907592773 402 46 26 15.8036876915666 121 88 119 98
"36" 9.40009373426437 10.1274790366491 27.9805202424564 928.366643548583 26.3587493896484 -9.83599948883057 36.194748878479 19.0798333485921 2.91883333524068 20.9273331960042 -2.04908323287964 424 49 25 18.381954714203 132 91 127 105
"37" 9.19291661307216 10.323041635255 28.249413789363 934.215027052151 26.2937488555908 -10.2487497329712 36.542498588562 19.0323746999105 14.9839999675751 20.7445829709371 -2.32829157511393 438 50 25 19.612405886236 139 90 131 110
"38" NA NA NA NA NA NA NA NA NA NA NA NA NA NA NA NA NA NA NA
"39" NA NA NA NA NA NA NA NA NA NA NA NA NA NA NA NA NA NA NA
"4" NA NA NA NA NA NA NA NA NA NA NA NA NA NA NA NA NA NA NA
"40" NA NA NA NA NA NA NA NA NA NA NA NA NA NA NA NA NA NA NA
"41" NA NA NA NA NA NA NA NA NA NA NA NA NA NA NA NA NA NA NA
"42" NA NA NA NA NA NA NA NA NA NA NA NA NA NA NA NA NA NA NA
"43" NA NA NA NA NA NA NA NA NA NA NA NA NA NA NA NA NA NA NA
"44" NA NA NA NA NA NA NA NA NA NA NA NA NA NA NA NA NA NA NA
"45" NA NA NA NA NA NA NA NA NA NA NA NA NA NA NA NA NA NA NA
"46" 11.4518449765941 8.25946290045977 26.9550936982639 835.844210278855 26.5 -4.14156627655029 30.6415662765503 22.0235945383708 5.18202811479568 22.0235945383708 1.66837354997794 422 45 28 14.6704151403868 119 95 119 104
"47" NA NA NA NA NA NA NA NA NA NA NA NA NA NA NA NA NA NA NA
"48" NA NA NA NA NA NA NA NA NA NA NA NA NA NA NA NA NA NA NA
"49" NA NA NA NA NA NA NA NA NA NA NA NA NA NA NA NA NA NA NA
"5" NA NA NA NA NA NA NA NA NA NA NA NA NA NA NA NA NA NA NA
"50" 9.95701228578885 8.11321133375168 24.0922478697836 924.924165085087 25.4804878234863 -8.19512176513672 33.675609588623 19.2174798647563 3.46341474850973 21.3804879188538 -1.41056903203328 408 46 24 18.1111800361146 123 86 121 104
"51" 9.56106251974901 9.49829180041949 26.485302892723 934.375904030232 26.2119998931885 -9.65050029754639 35.8625001907349 19.2515416145325 2.99904159704844 21.0925416946411 -1.98000005880992 438 50 24 20.2609242263291 137 91 131 112
"52" 9.32069795082013 10.0176042566697 27.5572298401566 941.328379954453 26.1977500915527 -10.1542501449585 36.3520002365112 19.0943751335144 2.90837502479553 20.9024167060852 -2.34920835494995 450 50 25 20.6756569123662 142 92 133 116
"53" NA NA NA NA NA NA NA NA NA NA NA NA NA NA NA NA NA NA NA
"54" NA NA NA NA NA NA NA NA NA NA NA NA NA NA NA NA NA NA NA
"55" NA NA NA NA NA NA NA NA NA NA NA NA NA NA NA NA NA NA NA
"56" NA NA NA NA NA NA NA NA NA NA NA NA NA NA NA NA NA NA NA
"57" NA NA NA NA NA NA NA NA NA NA NA NA NA NA NA NA NA NA NA
"58" NA NA NA NA NA NA NA NA NA NA NA NA NA NA NA NA NA NA NA
"59" NA NA NA NA NA NA NA NA NA NA NA NA NA NA NA NA NA NA NA
"6" NA NA NA NA NA NA NA NA NA NA NA NA NA NA NA NA NA NA NA
"60" NA NA NA NA NA NA NA NA NA NA NA NA NA NA NA NA NA NA NA
"61" 11.0880002255241 8.73795857528845 27.8949649183577 839.606338763682 26.2550010681152 -5.06949996948242 31.3245010375977 21.7017920811971 4.85020830233892 21.7017920811971 1.26491662859917 402 43 28 13.9009609371383 116 89 116 99
"62" 11.1281584153573 8.04353132843971 25.9549034549894 850.999296518869 26.1739730834961 -4.8164381980896 30.9904112815857 21.8773215611776 4.8298326532046 21.8773215611776 1.14520561695099 397 41 28 14.4527151020631 114 86 114 98
"63" NA NA NA NA NA NA NA NA NA NA NA NA NA NA NA NA NA NA NA
"64" NA NA NA NA NA NA NA NA NA NA NA NA NA NA NA NA NA NA NA
"65" NA NA NA NA NA NA NA NA NA NA NA NA NA NA NA NA NA NA NA
"66" 10.3541666567326 6.89166647195816 21.40269103348 933.260313258884 25.3999996185303 -6.80000019073486 32.1999998092651 19.5833333333333 3.90000001589457 21.75 -1.11666667461395 433 48 26 18.7695795327725 127 89 125 113
"67" 9.75084379812082 8.95739611983299 25.7376097251911 940.780794651936 25.7140007019043 -9.08874988555908 34.8027505874634 19.180083433787 3.10912497838338 21.386125087738 -1.77387499809265 455 50 24 21.4556714831359 140 94 134 120
"68" 9.35570833832026 9.51129158834616 26.735699484973 948.021550664185 25.8317489624023 -9.74349975585938 35.5752487182617 19.0728748639425 15.6397500832876 21.0233747164408 -2.26541658242544 482 54 25 21.9439853112493 151 98 142 126
"69" NA NA NA NA NA NA NA NA NA NA NA NA NA NA NA NA NA NA NA
"7" NA NA NA NA NA NA NA NA NA NA NA NA NA NA NA NA NA NA NA
"70" NA NA NA NA NA NA NA NA NA NA NA NA NA NA NA NA NA NA NA
"71" NA NA NA NA NA NA NA NA NA NA NA NA NA NA NA NA NA NA NA
"72" NA NA NA NA NA NA NA NA NA NA NA NA NA NA NA NA NA NA NA
"73" NA NA NA NA NA NA NA NA NA NA NA NA NA NA NA NA NA NA NA
"74" NA NA NA NA NA NA NA NA NA NA NA NA NA NA NA NA NA NA NA
"75" NA NA NA NA NA NA NA NA NA NA NA NA NA NA NA NA NA NA NA
"76" NA NA NA NA NA NA NA NA NA NA NA NA NA NA NA NA NA NA NA
"77" 11.4964538762967 7.17695038517316 24.1043788618312 832.113141079787 26.1617012023926 -3.61276602745056 29.7744672298431 3.43758858491977 5.39078021794558 22.0262409845988 1.72092196593682 411 43 30 14.1650415973658 117 90 111 107
"78" 11.2030536023279 6.86284230401119 23.2110588467079 841.549633426436 25.7376708984375 -3.82945203781128 29.5671229362488 3.17077625294526 4.90867581963539 21.8521687189738 1.35205487906933 418 45 29 15.9131325947106 118 89 117 107
"79" NA NA NA NA NA NA NA NA NA NA NA NA NA NA NA NA NA NA NA
"8" NA NA NA NA NA NA NA NA NA NA NA NA NA NA NA NA NA NA NA
"80" NA NA NA NA NA NA NA NA NA NA NA NA NA NA NA NA NA NA NA
"81" NA NA NA NA NA NA NA NA NA NA NA NA NA NA NA NA NA NA NA
"82" 9.89905908703804 7.92284921805064 23.379245105585 947.794431852661 25.7367744445801 -8.15161323547363 33.8883876800537 19.630645275116 16.1663438479106 21.7222584088643 -1.57645171880722 485 56 23 21.7537422964301 144 99 140 133
"83" 9.58972912530104 8.75166679422061 25.0769480334613 953.03229649005 25.8850002288818 -9.01424980163574 34.8992500305176 19.4208331108093 15.8230000336965 21.4539999961853 -1.96783328056335 496 56 23 22.2584221029046 150 101 144 134
"84" NA NA NA NA NA NA NA NA NA NA NA NA NA NA NA NA NA NA NA
"85" NA NA NA NA NA NA NA NA NA NA NA NA NA NA NA NA NA NA NA
"86" NA NA NA NA NA NA NA NA NA NA NA NA NA NA NA NA NA NA NA
"87" NA NA NA NA NA NA NA NA NA NA NA NA NA NA NA NA NA NA NA
"88" NA NA NA NA NA NA NA NA NA NA NA NA NA NA NA NA NA NA NA
"89" NA NA NA NA NA NA NA NA NA NA NA NA NA NA NA NA NA NA NA
"9" NA NA NA NA NA NA NA NA NA NA NA NA NA NA NA NA NA NA NA
"90" NA NA NA NA NA NA NA NA NA NA NA NA NA NA NA NA NA NA NA
"91" NA NA NA NA NA NA NA NA NA NA NA NA NA NA NA NA NA NA NA
"92" 11.3968646054467 6.98256239791711 23.3516854368986 852.368531294169 26.1959991455078 -3.70574998855591 29.9017491340637 2.87408328056335 5.43345837791761 22.0891666412354 1.23020831743876 479 55 34 16.3934156703089 146 104 119 132
"93" 11.3597409253319 6.90529276430607 23.2745012066533 843.218978721224 26.1094589233398 -3.55945944786072 29.6689183712006 3.0087838023901 5.327477440238 22.0072072347005 1.39099099735419 468 53 32 16.1667447670716 141 99 120 128
"94" NA NA NA NA NA NA NA NA NA NA NA NA NA NA NA NA NA NA NA
"95" NA NA NA NA NA NA NA NA NA NA NA NA NA NA NA NA NA NA NA
"96" NA NA NA NA NA NA NA NA NA NA NA NA NA NA NA NA NA NA NA
"97" NA NA NA NA NA NA NA NA NA NA NA NA NA NA NA NA NA NA NA
"98" NA NA NA NA NA NA NA NA NA NA NA NA NA NA NA NA NA NA NA
"99" 9.63996201256911 7.57632552584012 22.5181257741384 965.030837457 25.3473472595215 -8.29810619354248 33.645453453064 19.6058712005615 15.9550501505534 21.5733583768209 -2.10486116011937 503 57 25 21.2968679797344 151 105 146 136
